function y = change(t,x)%x(1) = W,x(2) = x
rho = 15000;
r = 0.27;
a = 0.00001;
V = 15;
S = 1.5;
R = 12 * 3600 * (9.8 * x(1)) * V * 0.927 * (9.8 * x(1))^(-0.20) + 10.7 * x(1)^(-0.316) * S + 12 * 3600 * x(1) * 6.03 * x(1)^(-0.308);
y = [(r - a * x(1)) * x(2) - R / rho - R; x(2) * (r - a * x(1))];